0.041666666666666664 0.041666666666666664 0.041666666666666664 0.041666666666666664 0.041666666666666664 0.125 0.125 0.041666666666666664 0.041666666666666664 0.041666666666666664 0.041666666666666664 0.041666666666666664 0.041666666666666664 0.041666666666666664 0.041666666666666664 0.041666666666666664 0.041666666666666664 0.041666666666666664 0.041666666666666664 0.041666666666666664 
0.005681818181818182 0.005681818181818182 0.032196969696969696 0.005681818181818182 0.001893939393939394 0.00946969696969697 0.0625 0.02462121212121212 0.7178030303030303 0.07765151515151515 0.00946969696969697 0.001893939393939394 0.00946969696969697 0.00946969696969697 0.001893939393939394 0.00946969696969697 0.005681818181818182 0.005681818181818182 0.001893939393939394 0.001893939393939394 
0.001072961373390558 0.001072961373390558 0.011802575107296138 0.001072961373390558 0.001072961373390558 0.8401287553648069 0.00536480686695279 0.00536480686695279 0.001072961373390558 0.0203862660944206 0.0740343347639485 0.001072961373390558 0.001072961373390558 0.028969957081545063 0.001072961373390558 0.001072961373390558 0.001072961373390558 0.001072961373390558 0.001072961373390558 0.001072961373390558 
0.0025380710659898475 0.0025380710659898475 0.6878172588832487 0.0025380710659898475 0.0025380710659898475 0.0025380710659898475 0.0025380710659898475 0.0025380710659898475 0.0025380710659898475 0.03807106598984772 0.017766497461928935 0.03807106598984772 0.012690355329949238 0.0025380710659898475 0.0025380710659898475 0.007614213197969543 0.02284263959390863 0.0025380710659898475 0.1446700507614213 0.0025380710659898475 
1.4992503748125936E-4 1.4992503748125936E-4 0.0037481259370314842 0.023538230884557722 0.008545727136431784 4.497751124437781E-4 0.7101949025487256 0.007046476761619191 0.0061469265367316344 0.16026986506746627 0.004947526236881559 0.0022488755622188904 0.0010494752623688155 0.004347826086956522 0.005247376311844078 4.497751124437781E-4 4.497751124437781E-4 0.060719640179910044 1.4992503748125936E-4 1.4992503748125936E-4 
0.024459613196814563 0.0017064846416382253 0.002844141069397042 5.688282138794084E-4 0.003981797497155859 0.8640500568828214 0.0017064846416382253 0.034698521046643914 0.011945392491467578 0.005119453924914676 0.006257110352673493 0.0017064846416382253 0.00739476678043231 5.688282138794084E-4 0.016496018202502846 0.003981797497155859 5.688282138794084E-4 0.0017064846416382253 0.009670079635949944 5.688282138794084E-4 
0.0030241935483870967 0.0010080645161290322 0.16834677419354838 0.0010080645161290322 0.007056451612903226 0.0030241935483870967 0.009072580645161291 0.0010080645161290322 0.2711693548387097 0.09375 0.0030241935483870967 0.007056451612903226 0.0010080645161290322 0.0010080645161290322 0.0010080645161290322 0.06754032258064516 0.0030241935483870967 0.0010080645161290322 0.3558467741935484 0.0010080645161290322 
0.02027027027027027 0.006756756756756757 0.20945945945945946 0.033783783783783786 0.006756756756756757 0.006756756756756757 0.006756756756756757 0.033783783783783786 0.5337837837837838 0.02027027027027027 0.006756756756756757 0.006756756756756757 0.02027027027027027 0.033783783783783786 0.02027027027027027 0.006756756756756757 0.006756756756756757 0.006756756756756757 0.006756756756756757 0.006756756756756757 
0.012195121951219513 0.012195121951219513 0.5975609756097561 0.012195121951219513 0.012195121951219513 0.012195121951219513 0.036585365853658534 0.012195121951219513 0.036585365853658534 0.012195121951219513 0.012195121951219513 0.012195121951219513 0.036585365853658534 0.012195121951219513 0.012195121951219513 0.06097560975609756 0.012195121951219513 0.012195121951219513 0.012195121951219513 0.06097560975609756 
8.632894782278394E-5 0.0022272868538278255 1.7265789564556787E-5 0.0013985289547290998 0.003090576332055665 2.589868434683518E-4 0.006785455298870817 1.2086052695189751E-4 1.7265789564556787E-5 0.16970544563002865 0.008408439517939155 5.179736869367036E-5 0.007130771090161953 9.496184260506233E-4 1.2086052695189751E-4 5.69771055630374E-4 2.589868434683518E-4 0.40275907317241616 1.7265789564556787E-5 0.39602541524223905 
0.04326923076923077 0.004807692307692308 0.02403846153846154 0.004807692307692308 0.004807692307692308 0.08173076923076923 0.03365384615384615 0.004807692307692308 0.6875 0.004807692307692308 0.004807692307692308 0.004807692307692308 0.014423076923076924 0.004807692307692308 0.004807692307692308 0.014423076923076924 0.014423076923076924 0.03365384615384615 0.004807692307692308 0.004807692307692308 
0.012430939226519336 0.009668508287292817 0.5317679558011049 0.0013812154696132596 0.004143646408839779 0.012430939226519336 0.015193370165745856 0.0013812154696132596 0.04834254143646409 0.22790055248618785 0.015193370165745856 0.0013812154696132596 0.0013812154696132596 0.0013812154696132596 0.004143646408839779 0.10082872928176796 0.0013812154696132596 0.006906077348066298 0.0013812154696132596 0.0013812154696132596 
0.0017480072717102502 0.0013284855264997903 6.992029086841001E-5 6.992029086841001E-5 0.541952174521046 6.992029086841001E-5 6.292826178156901E-4 7.691231995525102E-4 6.992029086841001E-5 0.22129772059851768 0.0010488043630261501 9.089637812893302E-4 0.004265137742973011 0.06831212417843659 0.008460355195077611 6.992029086841001E-5 0.0063627464690253115 0.14019018319116208 6.992029086841001E-5 0.0023073695986575303 
0.013157894736842105 0.039473684210526314 0.6973684210526315 0.039473684210526314 0.013157894736842105 0.013157894736842105 0.013157894736842105 0.013157894736842105 0.013157894736842105 0.013157894736842105 0.013157894736842105 0.013157894736842105 0.013157894736842105 0.013157894736842105 0.013157894736842105 0.013157894736842105 0.013157894736842105 0.013157894736842105 0.013157894736842105 0.013157894736842105 
0.004424778761061947 0.004424778761061947 0.3672566371681416 0.004424778761061947 0.004424778761061947 0.004424778761061947 0.06637168141592921 0.004424778761061947 0.3407079646017699 0.10176991150442478 0.004424778761061947 0.004424778761061947 0.004424778761061947 0.022123893805309734 0.004424778761061947 0.01327433628318584 0.004424778761061947 0.004424778761061947 0.030973451327433628 0.004424778761061947 
0.0189873417721519 0.006329113924050633 0.6772151898734177 0.006329113924050633 0.006329113924050633 0.0189873417721519 0.0949367088607595 0.03164556962025317 0.006329113924050633 0.03164556962025317 0.03164556962025317 0.006329113924050633 0.0189873417721519 0.006329113924050633 0.006329113924050633 0.006329113924050633 0.006329113924050633 0.006329113924050633 0.006329113924050633 0.006329113924050633 
0.0016556291390728477 0.0016556291390728477 0.0016556291390728477 0.008278145695364239 0.0016556291390728477 0.9056291390728477 0.0016556291390728477 0.0016556291390728477 0.004966887417218543 0.0016556291390728477 0.004966887417218543 0.0016556291390728477 0.011589403973509934 0.011589403973509934 0.004966887417218543 0.008278145695364239 0.014900662251655629 0.0016556291390728477 0.008278145695364239 0.0016556291390728477 
0.0016233766233766235 0.00487012987012987 0.0016233766233766235 0.0016233766233766235 0.0016233766233766235 0.9464285714285714 0.0016233766233766235 0.0016233766233766235 0.00487012987012987 0.00487012987012987 0.00487012987012987 0.00487012987012987 0.0016233766233766235 0.00487012987012987 0.00487012987012987 0.0016233766233766235 0.0016233766233766235 0.0016233766233766235 0.0016233766233766235 0.0016233766233766235 
0.005905511811023622 0.001968503937007874 0.001968503937007874 0.025590551181102362 0.001968503937007874 0.6437007874015748 0.001968503937007874 0.001968503937007874 0.24606299212598426 0.00984251968503937 0.005905511811023622 0.013779527559055118 0.001968503937007874 0.001968503937007874 0.001968503937007874 0.001968503937007874 0.017716535433070866 0.001968503937007874 0.001968503937007874 0.00984251968503937 
0.01 6.666666666666666E-4 0.002 0.038 6.666666666666666E-4 6.666666666666666E-4 0.002 6.666666666666666E-4 6.666666666666666E-4 0.238 0.002 6.666666666666666E-4 0.0033333333333333335 0.282 0.019333333333333334 6.666666666666666E-4 0.03666666666666667 0.16333333333333333 0.19533333333333333 0.0033333333333333335 
0.006076388888888889 0.026909722222222224 8.680555555555555E-4 0.004340277777777778 0.004340277777777778 0.8602430555555556 8.680555555555555E-4 0.006076388888888889 0.026909722222222224 0.004340277777777778 0.014756944444444444 8.680555555555555E-4 0.016493055555555556 8.680555555555555E-4 8.680555555555555E-4 8.680555555555555E-4 8.680555555555555E-4 0.0026041666666666665 0.019965277777777776 8.680555555555555E-4 
0.0034482758620689655 0.0034482758620689655 0.6724137931034483 0.04482758620689655 0.0034482758620689655 0.017241379310344827 0.0034482758620689655 0.0034482758620689655 0.02413793103448276 0.017241379310344827 0.0034482758620689655 0.02413793103448276 0.02413793103448276 0.0034482758620689655 0.0034482758620689655 0.010344827586206896 0.07241379310344828 0.0034482758620689655 0.05172413793103448 0.010344827586206896 
0.004477611940298508 0.0014925373134328358 0.282089552238806 0.0014925373134328358 0.004477611940298508 0.0014925373134328358 0.11194029850746269 0.028358208955223882 0.28507462686567164 0.13582089552238805 0.004477611940298508 0.004477611940298508 0.010447761194029851 0.004477611940298508 0.004477611940298508 0.0014925373134328358 0.016417910447761194 0.016417910447761194 0.07611940298507462 0.004477611940298508 
3.020352529351631E-4 0.0024085375298163007 6.970044298503764E-5 0.0036786344908769863 0.012615780180291813 7.744493665004182E-6 0.01255382423097178 0.006745453982218643 0.00705523372881881 0.28695672376939996 0.0020058238592360832 8.751277841454726E-4 3.020352529351631E-4 7.744493665004182E-6 2.3233480995012546E-5 0.6180183389609988 0.0037560794275270284 0.0324107059880425 6.737709488553638E-4 0.009533471701620147 
0.007142857142857143 0.007142857142857143 0.35 0.007142857142857143 0.007142857142857143 0.007142857142857143 0.007142857142857143 0.007142857142857143 0.35 0.02142857142857143 0.03571428571428571 0.007142857142857143 0.007142857142857143 0.007142857142857143 0.06428571428571428 0.02142857142857143 0.007142857142857143 0.007142857142857143 0.05 0.02142857142857143 
0.039473684210526314 0.013157894736842105 0.6973684210526315 0.013157894736842105 0.013157894736842105 0.013157894736842105 0.013157894736842105 0.039473684210526314 0.013157894736842105 0.013157894736842105 0.013157894736842105 0.013157894736842105 0.013157894736842105 0.013157894736842105 0.013157894736842105 0.013157894736842105 0.013157894736842105 0.013157894736842105 0.013157894736842105 0.013157894736842105 
0.0021551724137931034 0.01939655172413793 0.21767241379310345 0.032327586206896554 0.0021551724137931034 0.0021551724137931034 0.00646551724137931 0.0021551724137931034 0.46336206896551724 0.040948275862068964 0.015086206896551725 0.0021551724137931034 0.00646551724137931 0.015086206896551725 0.0021551724137931034 0.13577586206896552 0.0021551724137931034 0.00646551724137931 0.010775862068965518 0.015086206896551725 
0.010330578512396695 0.002066115702479339 0.46487603305785125 0.01859504132231405 0.026859504132231406 0.002066115702479339 0.014462809917355372 0.002066115702479339 0.014462809917355372 0.26239669421487605 0.026859504132231406 0.006198347107438017 0.014462809917355372 0.002066115702479339 0.01859504132231405 0.1012396694214876 0.002066115702479339 0.002066115702479339 0.006198347107438017 0.002066115702479339 
0.15719308526223263 0.008350424846176385 1.464986815118664E-4 0.011866393202461177 0.019191327278054497 7.32493407559332E-4 4.3949604453559916E-4 0.010694403750366246 0.004248461763844125 0.2755640199238207 0.0016114854966305303 0.08335774978025198 0.0021974802226779958 1.464986815118664E-4 0.4018458833870495 0.015382361558745972 1.464986815118664E-4 0.003369469674772927 1.464986815118664E-4 0.003369469674772927 
0.009259259259259259 0.009259259259259259 0.4166666666666667 0.009259259259259259 0.009259259259259259 0.009259259259259259 0.027777777777777776 0.009259259259259259 0.3425925925925926 0.027777777777777776 0.009259259259259259 0.009259259259259259 0.009259259259259259 0.027777777777777776 0.009259259259259259 0.009259259259259259 0.009259259259259259 0.009259259259259259 0.009259259259259259 0.027777777777777776 
0.011278195488721804 0.0037593984962406013 0.7706766917293233 0.0037593984962406013 0.0037593984962406013 0.0037593984962406013 0.0037593984962406013 0.0037593984962406013 0.0037593984962406013 0.0037593984962406013 0.0037593984962406013 0.0037593984962406013 0.0037593984962406013 0.0037593984962406013 0.0037593984962406013 0.0037593984962406013 0.011278195488721804 0.0037593984962406013 0.14661654135338345 0.0037593984962406013 
0.0018450184501845018 0.0018450184501845018 0.05719557195571956 0.0018450184501845018 0.05350553505535055 0.0018450184501845018 0.012915129151291513 0.0018450184501845018 0.016605166051660517 0.08671586715867159 0.0018450184501845018 0.005535055350553505 0.02029520295202952 0.012915129151291513 0.06088560885608856 0.00922509225092251 0.005535055350553505 0.0018450184501845018 0.6365313653136532 0.00922509225092251 
0.0700836820083682 0.0010460251046025104 0.01778242677824268 0.013598326359832637 0.007322175732217573 0.015690376569037656 0.04497907949790795 0.030334728033472803 0.649581589958159 0.11192468619246862 0.01778242677824268 0.0010460251046025104 0.0010460251046025104 0.0010460251046025104 0.0010460251046025104 0.0010460251046025104 0.0010460251046025104 0.0010460251046025104 0.009414225941422594 0.0031380753138075313 
0.0037128712871287127 0.0012376237623762376 0.028465346534653466 0.0037128712871287127 0.0012376237623762376 0.018564356435643563 0.0012376237623762376 0.0037128712871287127 0.8155940594059405 0.06064356435643564 0.0012376237623762376 0.008663366336633664 0.0012376237623762376 0.0012376237623762376 0.0012376237623762376 0.008663366336633664 0.0037128712871287127 0.0037128712871287127 0.03094059405940594 0.0012376237623762376 
0.004201680672268907 0.004201680672268907 0.7184873949579832 0.012605042016806723 0.012605042016806723 0.004201680672268907 0.012605042016806723 0.037815126050420166 0.012605042016806723 0.10504201680672269 0.004201680672268907 0.004201680672268907 0.012605042016806723 0.004201680672268907 0.004201680672268907 0.004201680672268907 0.004201680672268907 0.004201680672268907 0.029411764705882353 0.004201680672268907 
0.0034965034965034965 0.0034965034965034965 0.28321678321678323 0.0034965034965034965 0.07342657342657342 0.0034965034965034965 0.24825174825174826 0.017482517482517484 0.0034965034965034965 0.2202797202797203 0.017482517482517484 0.0034965034965034965 0.0034965034965034965 0.01048951048951049 0.038461538461538464 0.024475524475524476 0.017482517482517484 0.0034965034965034965 0.01048951048951049 0.01048951048951049 
7.874015748031496E-4 7.874015748031496E-4 7.874015748031496E-4 0.002362204724409449 7.874015748031496E-4 0.9503937007874016 0.002362204724409449 0.011811023622047244 7.874015748031496E-4 7.874015748031496E-4 0.002362204724409449 7.874015748031496E-4 0.010236220472440945 0.008661417322834646 7.874015748031496E-4 7.874015748031496E-4 7.874015748031496E-4 7.874015748031496E-4 7.874015748031496E-4 0.002362204724409449 
0.002777777777777778 0.002777777777777778 0.7638888888888888 0.008333333333333333 0.002777777777777778 0.002777777777777778 0.06944444444444445 0.002777777777777778 0.008333333333333333 0.002777777777777778 0.019444444444444445 0.019444444444444445 0.002777777777777778 0.008333333333333333 0.013888888888888888 0.002777777777777778 0.03611111111111111 0.008333333333333333 0.019444444444444445 0.002777777777777778 
0.0013550135501355014 0.006775067750677507 0.0040650406504065045 0.0013550135501355014 0.0040650406504065045 0.0040650406504065045 0.023035230352303523 0.0040650406504065045 0.8252032520325203 0.08265582655826559 0.0013550135501355014 0.006775067750677507 0.0040650406504065045 0.0013550135501355014 0.0013550135501355014 0.009485094850948509 0.006775067750677507 0.0040650406504065045 0.0040650406504065045 0.0040650406504065045 
0.057692307692307696 0.0038461538461538464 0.28076923076923077 0.09615384615384616 0.0038461538461538464 0.0038461538461538464 0.0038461538461538464 0.04230769230769231 0.3038461538461538 0.026923076923076925 0.04230769230769231 0.0038461538461538464 0.05 0.011538461538461539 0.0038461538461538464 0.0038461538461538464 0.011538461538461539 0.0038461538461538464 0.0038461538461538464 0.04230769230769231 
0.010416666666666666 0.010416666666666666 0.78125 0.010416666666666666 0.010416666666666666 0.010416666666666666 0.010416666666666666 0.010416666666666666 0.010416666666666666 0.03125 0.010416666666666666 0.010416666666666666 0.010416666666666666 0.010416666666666666 0.010416666666666666 0.010416666666666666 0.010416666666666666 0.010416666666666666 0.010416666666666666 0.010416666666666666 
3.5014005602240897E-4 0.0031512605042016808 3.5014005602240897E-4 0.0010504201680672268 0.032563025210084036 3.5014005602240897E-4 0.01995798319327731 0.6796218487394958 0.005252100840336135 0.19012605042016806 0.00665266106442577 3.5014005602240897E-4 3.5014005602240897E-4 0.017857142857142856 0.0010504201680672268 0.026260504201680673 0.00665266106442577 0.0024509803921568627 3.5014005602240897E-4 0.005252100840336135 
0.018610421836228287 0.011166253101736972 0.184863523573201 0.0037220843672456576 0.0037220843672456576 0.0037220843672456576 0.011166253101736972 0.0012406947890818859 0.44292803970223327 0.19230769230769232 0.04590570719602978 0.008684863523573201 0.008684863523573201 0.026054590570719603 0.0012406947890818859 0.0037220843672456576 0.0012406947890818859 0.00620347394540943 0.02109181141439206 0.0037220843672456576 
0.045454545454545456 0.05244755244755245 0.3741258741258741 0.0034965034965034965 0.0034965034965034965 0.0034965034965034965 0.0034965034965034965 0.0034965034965034965 0.017482517482517484 0.05244755244755245 0.0034965034965034965 0.01048951048951049 0.01048951048951049 0.038461538461538464 0.0034965034965034965 0.0034965034965034965 0.3111888111888112 0.01048951048951049 0.038461538461538464 0.01048951048951049 
0.0025906735751295338 8.635578583765112E-4 0.04058721934369603 0.02158894645941278 8.635578583765112E-4 8.635578583765112E-4 0.011226252158894647 8.635578583765112E-4 0.7936096718480138 0.05785837651122625 8.635578583765112E-4 0.0025906735751295338 0.047495682210708115 0.0025906735751295338 8.635578583765112E-4 8.635578583765112E-4 0.004317789291882556 8.635578583765112E-4 8.635578583765112E-4 0.007772020725388601 
0.00882825040128411 8.025682182985554E-4 0.0056179775280898875 0.015248796147672551 8.025682182985554E-4 0.1725521669341894 8.025682182985554E-4 0.6396468699839486 0.0056179775280898875 0.12118780096308186 0.01043338683788122 0.0072231139646869984 8.025682182985554E-4 0.002407704654895666 8.025682182985554E-4 8.025682182985554E-4 8.025682182985554E-4 8.025682182985554E-4 8.025682182985554E-4 0.0040128410914927765 
0.007042253521126761 0.002347417840375587 0.1056338028169014 0.002347417840375587 0.007042253521126761 0.007042253521126761 0.002347417840375587 0.002347417840375587 0.8051643192488263 0.002347417840375587 0.007042253521126761 0.002347417840375587 0.01643192488262911 0.002347417840375587 0.002347417840375587 0.002347417840375587 0.002347417840375587 0.002347417840375587 0.01643192488262911 0.002347417840375587 
0.012195121951219513 0.012195121951219513 0.7439024390243902 0.012195121951219513 0.012195121951219513 0.012195121951219513 0.012195121951219513 0.012195121951219513 0.012195121951219513 0.012195121951219513 0.012195121951219513 0.012195121951219513 0.012195121951219513 0.012195121951219513 0.012195121951219513 0.012195121951219513 0.012195121951219513 0.012195121951219513 0.036585365853658534 0.012195121951219513 
0.030751708428246014 0.012528473804100227 0.0011389521640091116 0.012528473804100227 0.0011389521640091116 0.5273348519362187 0.017084282460136675 0.023917995444191344 0.3200455580865604 0.0056947608200455585 0.003416856492027335 0.0056947608200455585 0.0193621867881549 0.003416856492027335 0.0011389521640091116 0.0011389521640091116 0.003416856492027335 0.0011389521640091116 0.0056947608200455585 0.003416856492027335 
0.0609375 0.0015625 0.0296875 0.0109375 0.0578125 0.0046875 0.0484375 0.0203125 0.7015625 0.0234375 0.0015625 0.0078125 0.0015625 0.0140625 0.0015625 0.0015625 0.0015625 0.0015625 0.0078125 0.0015625 
8.400067200537604E-5 0.002492019936159489 2.8000224001792016E-5 0.0013160105280842246 5.320042560340482E-4 2.8000224001792016E-5 2.8000224001792016E-5 0.0032200257602060817 2.8000224001792016E-5 0.15094920759366076 0.015820126561012487 0.055524444195553566 0.06269250154001232 0.4961359690877527 0.004284034272274178 0.0032200257602060817 0.005740045920367363 0.19574956599652799 0.001820014560116481 3.080024640197122E-4 
0.07933579335793357 0.0018450184501845018 0.02029520295202952 0.005535055350553505 0.0018450184501845018 0.005535055350553505 0.027675276752767528 0.0018450184501845018 0.7214022140221402 0.07933579335793357 0.0018450184501845018 0.016605166051660517 0.0018450184501845018 0.0018450184501845018 0.0018450184501845018 0.0018450184501845018 0.005535055350553505 0.0018450184501845018 0.005535055350553505 0.016605166051660517 
0.015151515151515152 0.015151515151515152 0.12424242424242424 0.0030303030303030303 0.00909090909090909 0.0030303030303030303 0.00909090909090909 0.015151515151515152 0.7181818181818181 0.03333333333333333 0.015151515151515152 0.0030303030303030303 0.015151515151515152 0.0030303030303030303 0.0030303030303030303 0.0030303030303030303 0.0030303030303030303 0.0030303030303030303 0.0030303030303030303 0.0030303030303030303 
0.002380952380952381 0.011904761904761904 0.46904761904761905 0.002380952380952381 0.002380952380952381 0.007142857142857143 0.002380952380952381 0.002380952380952381 0.18333333333333332 0.04047619047619048 0.002380952380952381 0.002380952380952381 0.002380952380952381 0.007142857142857143 0.007142857142857143 0.03571428571428571 0.011904761904761904 0.002380952380952381 0.1976190476190476 0.007142857142857143 
0.008302583025830259 9.225092250922509E-4 9.225092250922509E-4 0.004612546125461255 0.006457564575645757 9.225092250922509E-4 0.045202952029520294 0.6761992619926199 0.004612546125461255 0.17619926199261993 0.0027675276752767526 0.0027675276752767526 0.0027675276752767526 0.035977859778597784 0.015682656826568265 9.225092250922509E-4 9.225092250922509E-4 9.225092250922509E-4 0.011992619926199263 9.225092250922509E-4 
0.0017123287671232876 0.0017123287671232876 0.015410958904109588 0.015410958904109588 0.0017123287671232876 0.0017123287671232876 0.008561643835616438 0.0017123287671232876 0.005136986301369863 0.1797945205479452 0.005136986301369863 0.0017123287671232876 0.0017123287671232876 0.09417808219178082 0.005136986301369863 0.005136986301369863 0.018835616438356163 0.011986301369863013 0.6181506849315068 0.005136986301369863 
8.389261744966443E-4 0.02097315436241611 8.389261744966443E-4 0.00587248322147651 8.389261744966443E-4 8.389261744966443E-4 0.0025167785234899327 0.7659395973154363 8.389261744966443E-4 0.1266778523489933 0.0041946308724832215 8.389261744966443E-4 8.389261744966443E-4 0.01761744966442953 0.00587248322147651 0.0041946308724832215 8.389261744966443E-4 0.009228187919463088 0.01929530201342282 0.010906040268456376 
0.009259259259259259 0.009259259259259259 0.7870370370370371 0.009259259259259259 0.009259259259259259 0.009259259259259259 0.009259259259259259 0.009259259259259259 0.009259259259259259 0.009259259259259259 0.027777777777777776 0.009259259259259259 0.009259259259259259 0.009259259259259259 0.009259259259259259 0.009259259259259259 0.009259259259259259 0.009259259259259259 0.009259259259259259 0.027777777777777776 
0.002127659574468085 0.002127659574468085 0.019148936170212766 0.002127659574468085 0.04893617021276596 0.002127659574468085 0.274468085106383 0.3680851063829787 0.002127659574468085 0.1723404255319149 0.023404255319148935 0.010638297872340425 0.002127659574468085 0.002127659574468085 0.002127659574468085 0.002127659574468085 0.010638297872340425 0.023404255319148935 0.014893617021276596 0.014893617021276596 
0.18995633187772926 0.03275109170305677 0.002183406113537118 0.002183406113537118 0.04148471615720524 0.006550218340611353 0.028384279475982533 0.006550218340611353 0.3078602620087336 0.24672489082969432 0.002183406113537118 0.006550218340611353 0.002183406113537118 0.002183406113537118 0.006550218340611353 0.07641921397379912 0.010917030567685589 0.006550218340611353 0.006550218340611353 0.015283842794759825 
0.03237410071942446 0.025179856115107913 0.15467625899280577 0.0035971223021582736 0.017985611510791366 0.0035971223021582736 0.0035971223021582736 0.025179856115107913 0.6294964028776978 0.0035971223021582736 0.0035971223021582736 0.0035971223021582736 0.0035971223021582736 0.01079136690647482 0.025179856115107913 0.017985611510791366 0.01079136690647482 0.0035971223021582736 0.017985611510791366 0.0035971223021582736 
0.0056179775280898875 0.016853932584269662 0.20786516853932585 0.0056179775280898875 0.0056179775280898875 0.028089887640449437 0.0056179775280898875 0.028089887640449437 0.5898876404494382 0.0056179775280898875 0.0056179775280898875 0.0056179775280898875 0.0056179775280898875 0.0056179775280898875 0.016853932584269662 0.0056179775280898875 0.016853932584269662 0.028089887640449437 0.0056179775280898875 0.0056179775280898875 
0.0011407598452534472 4.959825414145422E-5 1.4879476242436266E-4 0.01244916178950501 4.959825414145422E-5 3.4718777899017954E-4 3.4718777899017954E-4 8.431703204047217E-4 0.0016367423866679894 0.03794266441821248 0.03030453328042853 5.455807955559965E-4 0.9124590814403333 4.959825414145422E-5 3.4718777899017954E-4 7.439738121218134E-4 2.479912707072711E-4 1.4879476242436266E-4 1.4879476242436266E-4 4.959825414145422E-5 
0.0125 0.0125 0.7375 0.0375 0.0125 0.0125 0.0125 0.0125 0.0125 0.0125 0.0125 0.0125 0.0125 0.0125 0.0125 0.0125 0.0125 0.0125 0.0125 0.0125 
0.003816793893129771 0.003816793893129771 0.6221374045801527 0.003816793893129771 0.05725190839694656 0.003816793893129771 0.003816793893129771 0.019083969465648856 0.003816793893129771 0.17938931297709923 0.026717557251908396 0.003816793893129771 0.011450381679389313 0.003816793893129771 0.003816793893129771 0.003816793893129771 0.011450381679389313 0.003816793893129771 0.003816793893129771 0.026717557251908396 
0.018115942028985508 0.0036231884057971015 0.06594202898550725 0.006521739130434782 0.034057971014492754 7.246376811594203E-4 0.5384057971014493 7.246376811594203E-4 7.246376811594203E-4 0.1891304347826087 0.03695652173913044 0.0036231884057971015 7.246376811594203E-4 7.246376811594203E-4 7.246376811594203E-4 0.0036231884057971015 0.018115942028985508 0.002173913043478261 0.034057971014492754 0.041304347826086954 
0.004201680672268907 0.004201680672268907 0.42436974789915966 0.029411764705882353 0.004201680672268907 0.004201680672268907 0.012605042016806723 0.12184873949579832 0.13025210084033614 0.004201680672268907 0.004201680672268907 0.046218487394957986 0.07142857142857142 0.037815126050420166 0.004201680672268907 0.004201680672268907 0.004201680672268907 0.012605042016806723 0.06302521008403361 0.012605042016806723 
0.0020325203252032522 0.006097560975609756 0.48577235772357724 0.0020325203252032522 0.01016260162601626 0.018292682926829267 0.23373983739837398 0.014227642276422764 0.06707317073170732 0.006097560975609756 0.018292682926829267 0.006097560975609756 0.03861788617886179 0.006097560975609756 0.0020325203252032522 0.018292682926829267 0.054878048780487805 0.006097560975609756 0.0020325203252032522 0.0020325203252032522 
0.008687258687258687 0.006756756756756757 0.502895752895753 0.004826254826254826 0.0028957528957528956 0.004826254826254826 0.1611969111969112 0.006756756756756757 0.010617760617760617 0.2133204633204633 9.652509652509653E-4 0.004826254826254826 0.02413127413127413 9.652509652509653E-4 0.0028957528957528956 0.02413127413127413 0.004826254826254826 0.008687258687258687 9.652509652509653E-4 0.004826254826254826 
0.003061224489795918 0.0010204081632653062 0.0010204081632653062 0.007142857142857143 0.0010204081632653062 0.9663265306122449 0.0010204081632653062 0.00510204081632653 0.0010204081632653062 0.0010204081632653062 0.0010204081632653062 0.0010204081632653062 0.0010204081632653062 0.003061224489795918 0.0010204081632653062 0.0010204081632653062 0.0010204081632653062 0.0010204081632653062 0.0010204081632653062 0.0010204081632653062 
0.003816793893129771 0.001272264631043257 0.013994910941475827 0.001272264631043257 0.001272264631043257 0.006361323155216285 0.003816793893129771 0.5178117048346056 0.14885496183206107 0.25572519083969464 0.001272264631043257 0.001272264631043257 0.001272264631043257 0.011450381679389313 0.001272264631043257 0.01653944020356234 0.003816793893129771 0.001272264631043257 0.003816793893129771 0.003816793893129771 
0.04365079365079365 0.011904761904761904 0.21031746031746032 0.003968253968253968 0.03571428571428571 0.003968253968253968 0.3373015873015873 0.051587301587301584 0.003968253968253968 0.2261904761904762 0.003968253968253968 0.003968253968253968 0.003968253968253968 0.003968253968253968 0.003968253968253968 0.01984126984126984 0.003968253968253968 0.003968253968253968 0.003968253968253968 0.01984126984126984 
0.026029615918556223 1.1568718186024989E-4 0.0045118000925497455 0.007982415548357241 0.0024294308190652477 0.0012725590004627487 1.1568718186024989E-4 3.4706154558074965E-4 0.005437297547431745 0.246760758907913 0.023253123553910227 0.035515964831096716 1.1568718186024989E-4 0.025566867191115224 0.6153401203146691 5.784359093012494E-4 1.1568718186024989E-4 0.0033549282739472465 3.4706154558074965E-4 8.098102730217492E-4 
0.011986301369863013 0.011986301369863013 0.0839041095890411 0.06335616438356165 0.0017123287671232876 0.008561643835616438 0.23116438356164384 0.046232876712328765 0.005136986301369863 0.19006849315068494 0.0017123287671232876 0.0017123287671232876 0.0017123287671232876 0.04965753424657534 0.008561643835616438 0.0017123287671232876 0.0839041095890411 0.0017123287671232876 0.18664383561643835 0.008561643835616438 
0.01826923076923077 9.615384615384616E-4 0.004807692307692308 0.006730769230769231 9.615384615384616E-4 0.8413461538461539 9.615384615384616E-4 0.0028846153846153848 0.0028846153846153848 0.02980769230769231 0.006730769230769231 9.615384615384616E-4 0.06057692307692308 9.615384615384616E-4 9.615384615384616E-4 9.615384615384616E-4 9.615384615384616E-4 9.615384615384616E-4 0.016346153846153847 9.615384615384616E-4 
0.009433962264150943 0.009433962264150943 0.7452830188679245 0.009433962264150943 0.009433962264150943 0.02830188679245283 0.009433962264150943 0.009433962264150943 0.02830188679245283 0.02830188679245283 0.009433962264150943 0.009433962264150943 0.009433962264150943 0.009433962264150943 0.009433962264150943 0.009433962264150943 0.009433962264150943 0.009433962264150943 0.02830188679245283 0.009433962264150943 
0.07372262773722628 7.2992700729927E-4 0.013868613138686132 0.0051094890510948905 0.06204379562043796 0.0051094890510948905 0.43576642335766425 0.03722627737226277 0.12627737226277372 0.1759124087591241 0.0021897810218978104 0.013868613138686132 7.2992700729927E-4 7.2992700729927E-4 0.0021897810218978104 0.029927007299270073 0.010948905109489052 7.2992700729927E-4 0.0021897810218978104 7.2992700729927E-4 
0.044762915782024064 0.04688605803255485 0.01751592356687898 0.04936305732484077 0.056794055201698515 0.0012384996461429583 0.03839348903043171 0.11022646850672328 5.307855626326964E-4 0.4078202406227884 0.15516631280962492 5.307855626326964E-4 0.00583864118895966 1.7692852087756547E-4 8.846426043878273E-4 0.004777070063694267 0.04547062986553432 0.003007784854918613 0.009023354564755838 0.0015923566878980893 
0.001184834123222749 0.001184834123222749 0.0035545023696682463 0.01066350710900474 0.001184834123222749 0.005924170616113744 0.08175355450236967 0.017772511848341232 0.001184834123222749 0.21208530805687204 0.3305687203791469 0.005924170616113744 0.034360189573459717 0.02014218009478673 0.0035545023696682463 0.001184834123222749 0.09123222748815166 0.001184834123222749 0.12203791469194313 0.0533175355450237 
4.5829514207149406E-4 2.9654391545802554E-4 4.043780665336712E-4 2.6958537768911414E-5 0.020138027713376826 2.6958537768911414E-5 0.0014827195772901278 1.3479268884455706E-4 1.887097643823799E-4 0.15245053108319404 4.5829514207149406E-4 2.6958537768911414E-5 0.007036178357685879 0.013398393271148973 0.07491777645980482 2.6958537768911414E-5 0.5256106108804658 0.1995740551032512 6.739634442227854E-4 0.00266889523912223 
0.008771929824561403 0.008771929824561403 0.7807017543859649 0.008771929824561403 0.008771929824561403 0.008771929824561403 0.008771929824561403 0.008771929824561403 0.02631578947368421 0.008771929824561403 0.008771929824561403 0.008771929824561403 0.008771929824561403 0.02631578947368421 0.008771929824561403 0.008771929824561403 0.008771929824561403 0.008771929824561403 0.008771929824561403 0.02631578947368421 
0.0049504950495049506 0.2623762376237624 0.10396039603960396 0.0049504950495049506 0.034653465346534656 0.0049504950495049506 0.034653465346534656 0.0049504950495049506 0.0049504950495049506 0.20297029702970298 0.0049504950495049506 0.0049504950495049506 0.0049504950495049506 0.034653465346534656 0.06435643564356436 0.0049504950495049506 0.19306930693069307 0.0049504950495049506 0.01485148514851485 0.0049504950495049506 
0.008620689655172414 0.008620689655172414 0.6120689655172413 0.008620689655172414 0.02586206896551724 0.008620689655172414 0.14655172413793102 0.008620689655172414 0.008620689655172414 0.008620689655172414 0.008620689655172414 0.008620689655172414 0.04310344827586207 0.02586206896551724 0.008620689655172414 0.008620689655172414 0.008620689655172414 0.008620689655172414 0.02586206896551724 0.008620689655172414 
0.004285714285714286 0.0014285714285714286 0.0014285714285714286 0.007142857142857143 0.007142857142857143 0.8357142857142857 0.007142857142857143 0.0014285714285714286 0.05285714285714286 0.012857142857142857 0.007142857142857143 0.012857142857142857 0.0014285714285714286 0.007142857142857143 0.0014285714285714286 0.01 0.01 0.0014285714285714286 0.015714285714285715 0.0014285714285714286 
9.578544061302681E-4 0.12547892720306514 9.578544061302681E-4 0.004789272030651341 0.016283524904214558 0.0028735632183908046 0.006704980842911878 0.04118773946360153 9.578544061302681E-4 0.23275862068965517 0.004789272030651341 0.006704980842911878 0.01053639846743295 0.2959770114942529 0.014367816091954023 9.578544061302681E-4 0.05076628352490421 0.004789272030651341 0.1752873563218391 0.0028735632183908046 
6.150061500615006E-4 0.05842558425584256 0.453259532595326 0.0018450184501845018 0.01783517835178352 0.0018450184501845018 0.06580565805658056 0.015375153751537515 0.11992619926199262 0.18880688806888068 0.003075030750307503 6.150061500615006E-4 0.0018450184501845018 0.0018450184501845018 6.150061500615006E-4 0.04489544895448955 6.150061500615006E-4 0.0018450184501845018 6.150061500615006E-4 0.02029520295202952 
0.009259259259259259 0.040123456790123455 0.5895061728395061 0.0030864197530864196 0.0030864197530864196 0.0030864197530864196 0.021604938271604937 0.0030864197530864196 0.021604938271604937 0.14506172839506173 0.040123456790123455 0.009259259259259259 0.0030864197530864196 0.027777777777777776 0.0030864197530864196 0.06481481481481481 0.0030864197530864196 0.0030864197530864196 0.0030864197530864196 0.0030864197530864196 
0.07608695652173914 0.010869565217391304 0.6413043478260869 0.010869565217391304 0.010869565217391304 0.03260869565217391 0.03260869565217391 0.010869565217391304 0.010869565217391304 0.010869565217391304 0.010869565217391304 0.010869565217391304 0.010869565217391304 0.010869565217391304 0.010869565217391304 0.010869565217391304 0.03260869565217391 0.010869565217391304 0.03260869565217391 0.010869565217391304 
0.00847457627118644 0.0012106537530266344 0.018159806295399514 0.0012106537530266344 0.0012106537530266344 0.0012106537530266344 0.06658595641646489 0.0036319612590799033 0.8220338983050848 0.006053268765133172 0.013317191283292978 0.03753026634382567 0.00847457627118644 0.0012106537530266344 0.0012106537530266344 0.0012106537530266344 0.0036319612590799033 0.0012106537530266344 0.0012106537530266344 0.0012106537530266344 
0.005208333333333333 0.015625 0.7447916666666666 0.005208333333333333 0.005208333333333333 0.015625 0.005208333333333333 0.005208333333333333 0.057291666666666664 0.015625 0.005208333333333333 0.005208333333333333 0.005208333333333333 0.005208333333333333 0.005208333333333333 0.015625 0.005208333333333333 0.005208333333333333 0.06770833333333333 0.005208333333333333 
0.015957446808510637 0.005319148936170213 0.5691489361702128 0.047872340425531915 0.026595744680851064 0.005319148936170213 0.026595744680851064 0.005319148936170213 0.005319148936170213 0.13297872340425532 0.005319148936170213 0.005319148936170213 0.005319148936170213 0.03723404255319149 0.005319148936170213 0.005319148936170213 0.015957446808510637 0.005319148936170213 0.047872340425531915 0.026595744680851064 
0.08205689277899343 0.012035010940919038 0.0032822757111597373 0.0010940919037199124 0.03391684901531729 0.016411378555798686 0.0010940919037199124 0.0010940919037199124 0.7188183807439825 0.06236323851203501 0.009846827133479213 0.007658643326039387 0.0010940919037199124 0.0010940919037199124 0.0010940919037199124 0.02516411378555799 0.0032822757111597373 0.0032822757111597373 0.014223194748358862 0.0010940919037199124 
9.996001599360256E-5 8.99640143942423E-4 4.998000799680128E-4 9.996001599360256E-5 2.998800479808077E-4 2.998800479808077E-4 9.996001599360256E-5 0.002499000399840064 8.99640143942423E-4 0.043082766893242704 0.028488604558176728 0.0012994802079168333 0.009496201519392244 9.996001599360256E-5 9.996001599360256E-5 4.998000799680128E-4 0.0018992403038784486 2.998800479808077E-4 0.9089364254298281 9.996001599360256E-5 
0.001488095238095238 0.001488095238095238 0.004464285714285714 0.001488095238095238 0.013392857142857142 0.8050595238095238 0.004464285714285714 0.001488095238095238 0.04017857142857143 0.01636904761904762 0.019345238095238096 0.022321428571428572 0.001488095238095238 0.03125 0.001488095238095238 0.001488095238095238 0.004464285714285714 0.00744047619047619 0.019345238095238096 0.001488095238095238 
0.0013077593722755014 0.02170880557977332 0.003051438535309503 2.6155187445510024E-4 4.3591979075850045E-4 8.71839581517001E-5 0.0025283347863993026 8.71839581517001E-5 2.6155187445510024E-4 0.12650392327811683 0.07018308631211857 0.001133391455972101 0.06338273757628596 0.053443766346992154 2.6155187445510024E-4 6.102877070619006E-4 0.6217088055797734 0.014210985178727114 0.017872711421098517 9.590235396687009E-4 
0.001440922190201729 0.007204610951008645 0.012968299711815562 0.010086455331412104 0.001440922190201729 0.001440922190201729 0.001440922190201729 0.007204610951008645 0.059077809798270896 0.33285302593659943 0.01585014409221902 0.012968299711815562 0.024495677233429394 0.1340057636887608 0.03025936599423631 0.004322766570605188 0.03314121037463977 0.001440922190201729 0.05043227665706052 0.2579250720461095 
9.453608812407519E-4 0.626198827204472 1.3700882336822491E-5 0.017961856743574287 0.029936427905957144 1.3700882336822491E-5 0.009439907930070697 0.0034663232312160904 2.0551323505233737E-4 0.19823806653148462 4.1102647010467474E-5 0.006864142050748068 3.425220584205623E-4 0.0013289855866717817 0.004617197347509179 0.0018770208801446814 0.005329643229023949 0.08791856195538993 2.3291499972598236E-4 0.005028223817613854 
